000000000000000000000000000000
000000000000000001000000000000
000000000000000200000000000000
000000000000100000001100000000
000000000002030000004000000000
000000000001000056000000000000
000000000030003160200000000000
000000100553555550000000000000
000000306555555000000100000000
000000005565555010000110000000
000010005550555500000300000000
000550105550555550300000000100
000055550555555572300000000000
000005850055550777703020000000
000000255050555707700000000000
000000000505555571700000000000
000000000555550557700000000000
000000000060075185070000000000
000000000555565503517000000000
000000000255500000111000000000
000000000000000000017000000000
000000000000000000057000000000
000000000000000000005570000000
000000000000000000000070000000
000000000000000000002057000000
000000000000000000000557300000
000000000000000000000057000000
000000000000000000000000000000
000000000000000000005200000000
